,MPG,Cylinders,Displacement,Horsepower,Weight,Acceleration,Model Year,Origin
145,32.0,4,83.0,61.0,2003.0,19.0,74,3
151,31.0,4,79.0,67.0,2000.0,16.0,74,2
388,26.0,4,156.0,92.0,2585.0,14.5,82,1
48,18.0,6,250.0,88.0,3139.0,14.5,71,1
114,26.0,4,98.0,90.0,2265.0,15.5,73,2
383,38.0,4,91.0,67.0,1965.0,15.0,82,3
85,13.0,8,350.0,175.0,4100.0,13.0,73,1
234,24.5,4,151.0,88.0,2740.0,16.0,77,1
229,16.0,8,400.0,180.0,4220.0,11.1,77,1
225,17.5,6,250.0,110.0,3520.0,16.4,77,1
385,38.0,4,91.0,67.0,1995.0,16.2,82,3
223,15.5,8,318.0,145.0,4140.0,13.7,77,1
192,22.0,6,250.0,105.0,3353.0,14.5,76,1
102,26.0,4,97.0,46.0,1950.0,21.0,73,2
117,29.0,4,68.0,49.0,1867.0,19.5,73,2
105,13.0,8,360.0,170.0,4654.0,13.0,73,1
315,24.3,4,151.0,90.0,3003.0,20.1,80,1
118,24.0,4,116.0,75.0,2158.0,15.5,73,2
319,31.3,4,120.0,75.0,2542.0,17.5,80,3
155,15.0,6,250.0,72.0,3158.0,19.5,75,1
122,24.0,4,121.0,110.0,2660.0,14.0,73,2
65,14.0,8,351.0,153.0,4129.0,13.0,72,1
206,26.5,4,140.0,72.0,2565.0,13.6,76,1
200,18.0,6,250.0,78.0,3574.0,21.0,76,1
140,14.0,8,304.0,150.0,4257.0,15.5,74,1
124,11.0,8,350.0,180.0,3664.0,11.0,73,1
143,26.0,4,97.0,78.0,2300.0,14.5,74,2
361,25.4,6,168.0,116.0,2900.0,12.6,81,3
188,16.0,8,318.0,150.0,4190.0,13.0,76,1
157,15.0,8,350.0,145.0,4440.0,14.0,75,1
247,39.4,4,85.0,70.0,2070.0,18.6,78,3
161,16.0,6,250.0,105.0,3897.0,18.5,75,1
336,23.6,4,140.0,,2905.0,14.3,80,1
79,26.0,4,96.0,69.0,2189.0,18.0,72,2
250,19.4,8,318.0,140.0,3735.0,13.2,78,1
275,17.0,6,163.0,125.0,3140.0,13.6,78,2
273,23.9,4,119.0,97.0,2405.0,14.9,78,3
24,21.0,6,199.0,90.0,2648.0,15.0,70,1
84,27.0,4,97.0,88.0,2100.0,16.5,72,3
267,27.5,4,134.0,95.0,2560.0,14.2,78,3
139,14.0,8,302.0,140.0,4638.0,16.0,74,1
285,17.0,8,305.0,130.0,3840.0,15.4,79,1
166,13.0,8,302.0,129.0,3169.0,12.0,75,1
274,20.3,5,131.0,103.0,2830.0,15.9,78,2
279,29.5,4,98.0,68.0,2135.0,16.6,78,3
386,25.0,6,181.0,110.0,2945.0,16.4,82,1
360,30.7,6,145.0,76.0,3160.0,19.6,81,2
235,26.0,4,97.0,75.0,2265.0,18.2,77,3
81,28.0,4,97.0,92.0,2288.0,17.0,72,3
355,33.7,4,107.0,75.0,2210.0,14.4,81,3
204,32.0,4,85.0,70.0,1990.0,17.0,76,3
351,34.4,4,98.0,65.0,2045.0,16.2,81,1
116,16.0,8,400.0,230.0,4278.0,9.5,73,1
302,34.5,4,105.0,70.0,2150.0,14.9,79,1
262,19.2,8,305.0,145.0,3425.0,13.2,78,1
265,17.5,8,318.0,140.0,4080.0,13.7,78,1
259,20.8,6,200.0,85.0,3070.0,16.7,78,1
366,17.6,6,225.0,85.0,3465.0,16.6,81,1
205,28.0,4,97.0,75.0,2155.0,16.4,76,3
314,26.4,4,140.0,88.0,2870.0,18.1,80,1
148,26.0,4,116.0,75.0,2246.0,14.0,74,2
277,16.2,6,163.0,133.0,3410.0,15.8,78,2
365,20.2,6,200.0,88.0,3060.0,17.1,81,1
99,18.0,6,232.0,100.0,2945.0,16.0,73,1
9,15.0,8,390.0,190.0,3850.0,8.5,70,1
339,26.6,4,151.0,84.0,2635.0,16.4,81,1
373,24.0,4,140.0,92.0,2865.0,16.4,82,1
321,32.2,4,108.0,75.0,2265.0,15.2,80,3
268,27.2,4,119.0,97.0,2300.0,14.7,78,3
33,19.0,6,232.0,100.0,2634.0,13.0,71,1
349,34.1,4,91.0,68.0,1985.0,16.0,81,3
183,25.0,4,116.0,81.0,2220.0,16.9,76,2
20,25.0,4,110.0,87.0,2672.0,17.5,70,2
190,14.5,8,351.0,152.0,4215.0,12.8,76,1
80,22.0,4,122.0,86.0,2395.0,16.0,72,1
98,16.0,6,250.0,100.0,3278.0,18.0,73,1
311,32.1,4,98.0,70.0,2120.0,15.5,80,1
263,17.7,6,231.0,165.0,3445.0,13.4,78,1
322,46.6,4,86.0,65.0,2110.0,17.9,80,3
71,19.0,3,70.0,97.0,2330.0,13.5,72,3
164,21.0,6,231.0,110.0,3039.0,15.0,75,1
286,17.6,8,302.0,129.0,3725.0,13.4,79,1
320,37.0,4,119.0,92.0,2434.0,15.0,80,3
108,20.0,4,97.0,88.0,2279.0,19.0,73,3
348,37.7,4,89.0,62.0,2050.0,17.3,81,3
312,37.2,4,86.0,65.0,2019.0,16.4,80,3
170,23.0,4,140.0,78.0,2592.0,18.5,75,1
92,13.0,8,351.0,158.0,4363.0,13.0,73,1
280,21.5,6,231.0,115.0,3245.0,15.4,79,1
254,20.2,6,200.0,85.0,2965.0,15.8,78,1
109,21.0,4,140.0,72.0,2401.0,19.5,73,1
73,13.0,8,307.0,130.0,4098.0,14.0,72,1
2,18.0,8,318.0,150.0,3436.0,11.0,70,1
195,29.0,4,85.0,52.0,2035.0,22.2,76,1
377,31.0,4,91.0,68.0,1970.0,17.6,82,3
3,16.0,8,304.0,150.0,3433.0,12.0,70,1
342,30.0,4,135.0,84.0,2385.0,12.9,81,1
29,27.0,4,97.0,88.0,2130.0,14.5,71,3
53,31.0,4,71.0,65.0,1773.0,19.0,71,3
82,23.0,4,120.0,97.0,2506.0,14.5,72,3
169,20.0,6,232.0,100.0,2914.0,16.0,75,1
134,16.0,6,258.0,110.0,3632.0,18.0,74,1
369,34.0,4,112.0,88.0,2395.0,18.0,82,1
251,20.2,8,302.0,139.0,3570.0,12.8,78,1
49,23.0,4,122.0,86.0,2220.0,14.0,71,1
86,14.0,8,304.0,150.0,3672.0,11.5,73,1
187,17.5,8,305.0,140.0,4215.0,13.0,76,1
307,26.8,6,173.0,115.0,2700.0,12.9,79,1
211,16.5,6,168.0,120.0,3820.0,16.7,76,2
141,29.0,4,98.0,83.0,2219.0,16.5,74,2
328,30.0,4,146.0,67.0,3250.0,21.8,80,2
154,15.0,6,250.0,72.0,3432.0,21.0,75,1
121,15.0,8,318.0,150.0,3399.0,11.0,73,1
222,17.0,8,260.0,110.0,4060.0,19.0,77,1
276,21.6,4,121.0,115.0,2795.0,15.7,78,2
244,43.1,4,90.0,48.0,1985.0,21.5,78,2
233,29.0,4,97.0,78.0,1940.0,14.5,77,2
261,18.1,6,258.0,120.0,3410.0,15.1,78,1
299,27.2,4,141.0,71.0,3190.0,24.8,79,2
318,29.8,4,134.0,90.0,2711.0,15.5,80,3
16,18.0,6,199.0,97.0,2774.0,15.5,70,1
194,22.5,6,232.0,90.0,3085.0,17.6,76,1
237,30.5,4,98.0,63.0,2051.0,17.0,77,1
317,34.3,4,97.0,78.0,2188.0,15.8,80,2
298,23.0,8,350.0,125.0,3900.0,17.4,79,1
35,17.0,6,250.0,100.0,3329.0,15.5,71,1
90,12.0,8,429.0,198.0,4952.0,11.5,73,1
34,16.0,6,225.0,105.0,3439.0,15.5,71,1
226,20.5,6,231.0,105.0,3425.0,16.9,77,1
201,18.5,6,250.0,110.0,3645.0,16.2,76,1
210,19.0,6,156.0,108.0,2930.0,15.5,76,3
249,19.9,8,260.0,110.0,3365.0,15.5,78,1
44,13.0,8,400.0,175.0,5140.0,12.0,71,1
129,31.0,4,79.0,67.0,1950.0,19.0,74,3
78,21.0,4,120.0,87.0,2979.0,19.5,72,2
288,18.2,8,318.0,135.0,3830.0,15.2,79,1
56,26.0,4,91.0,70.0,1955.0,20.5,71,1
95,12.0,8,455.0,225.0,4951.0,11.0,73,1
335,35.0,4,122.0,88.0,2500.0,15.1,80,2
354,34.5,4,100.0,,2320.0,15.8,81,2
256,20.5,6,225.0,100.0,3430.0,17.2,78,1
370,31.0,4,112.0,85.0,2575.0,16.2,82,1
113,21.0,6,155.0,107.0,2472.0,14.0,73,1
68,13.0,8,350.0,155.0,4502.0,13.5,72,1
12,15.0,8,400.0,150.0,3761.0,9.5,70,1
393,27.0,4,140.0,86.0,2790.0,15.6,82,1
305,28.4,4,151.0,90.0,2670.0,16.0,79,1
112,19.0,4,122.0,85.0,2310.0,18.5,73,1
227,19.0,6,225.0,100.0,3630.0,17.7,77,1
179,22.0,4,121.0,98.0,2945.0,14.5,75,2
31,25.0,4,113.0,95.0,2228.0,14.0,71,3
230,15.5,8,350.0,170.0,4165.0,11.4,77,1
165,20.0,8,262.0,110.0,3221.0,13.5,75,1
231,15.5,8,400.0,190.0,4325.0,12.2,77,1
221,17.5,8,305.0,145.0,3880.0,12.5,77,1
391,36.0,4,135.0,84.0,2370.0,13.0,82,1
37,18.0,6,232.0,100.0,3288.0,15.5,71,1
215,13.0,8,318.0,150.0,3755.0,14.0,76,1
323,27.9,4,156.0,105.0,2800.0,14.4,80,1
191,22.0,6,225.0,100.0,3233.0,15.4,76,1
22,25.0,4,104.0,95.0,2375.0,17.5,70,2
297,25.4,5,183.0,77.0,3530.0,20.1,79,2
371,29.0,4,135.0,84.0,2525.0,16.0,82,1
236,25.5,4,140.0,89.0,2755.0,15.8,77,1
127,19.0,6,232.0,100.0,2901.0,16.0,74,1
291,19.2,8,267.0,125.0,3605.0,15.0,79,1
70,13.0,8,400.0,190.0,4422.0,12.5,72,1
329,44.6,4,91.0,67.0,1850.0,13.8,80,3
21,24.0,4,107.0,90.0,2430.0,14.5,70,2
260,18.6,6,225.0,110.0,3620.0,18.7,78,1
294,34.1,4,86.0,65.0,1975.0,15.2,79,3
347,37.0,4,85.0,65.0,1975.0,19.4,81,3
135,18.0,6,225.0,105.0,3613.0,16.5,74,1
306,28.8,6,173.0,115.0,2595.0,11.3,79,1
175,29.0,4,90.0,70.0,1937.0,14.0,75,2
282,22.3,4,140.0,88.0,2890.0,17.3,79,1
25,10.0,8,360.0,215.0,4615.0,14.0,70,1
193,24.0,6,200.0,81.0,3012.0,17.6,76,1
42,12.0,8,383.0,180.0,4955.0,11.5,71,1
162,15.0,6,258.0,110.0,3730.0,19.0,75,1
381,36.0,4,107.0,75.0,2205.0,14.5,82,3
50,28.0,4,116.0,90.0,2123.0,14.0,71,2
67,11.0,8,429.0,208.0,4633.0,11.0,72,1
269,30.9,4,105.0,75.0,2230.0,14.5,78,1
197,29.0,4,90.0,70.0,1937.0,14.2,76,2
83,28.0,4,98.0,80.0,2164.0,15.0,72,1
28,9.0,8,304.0,193.0,4732.0,18.5,70,1
60,20.0,4,140.0,90.0,2408.0,19.5,72,1
46,22.0,4,140.0,72.0,2408.0,19.0,71,1
271,23.2,4,156.0,105.0,2745.0,16.7,78,1
218,36.0,4,79.0,58.0,1825.0,18.6,77,2
5,15.0,8,429.0,198.0,4341.0,10.0,70,1
0,18.0,8,307.0,130.0,3504.0,12.0,70,1
303,31.8,4,85.0,65.0,2020.0,19.2,79,3
350,34.7,4,105.0,63.0,2215.0,14.9,81,1
19,26.0,4,97.0,46.0,1835.0,20.5,70,2
186,27.0,4,101.0,83.0,2202.0,15.3,76,2
178,23.0,4,120.0,88.0,2957.0,17.0,75,2
172,25.0,4,90.0,71.0,2223.0,16.5,75,2
209,19.0,4,120.0,88.0,3270.0,21.9,76,2
219,25.5,4,122.0,96.0,2300.0,15.5,77,1
163,18.0,6,225.0,95.0,3785.0,19.0,75,1
131,32.0,4,71.0,65.0,1836.0,21.0,74,3
76,18.0,4,121.0,112.0,2933.0,14.5,72,2
173,24.0,4,119.0,97.0,2545.0,17.0,75,3
272,23.8,4,151.0,85.0,2855.0,17.6,78,1
119,20.0,4,114.0,91.0,2582.0,14.0,73,2
327,36.4,5,121.0,67.0,2950.0,19.9,80,2
133,16.0,6,250.0,100.0,3781.0,17.0,74,1
304,37.3,4,91.0,69.0,2130.0,14.7,79,2
326,43.4,4,90.0,48.0,2335.0,23.7,80,2
55,27.0,4,97.0,60.0,1834.0,19.0,71,2
214,13.0,8,302.0,130.0,3870.0,15.0,76,1
125,20.0,6,198.0,95.0,3102.0,16.5,74,1
241,22.0,6,146.0,97.0,2815.0,14.5,77,3
38,14.0,8,350.0,165.0,4209.0,12.0,71,1
380,36.0,4,120.0,88.0,2160.0,14.5,82,3
11,14.0,8,340.0,160.0,3609.0,8.0,70,1
43,13.0,8,400.0,170.0,4746.0,12.0,71,1
30,28.0,4,140.0,90.0,2264.0,15.5,71,1
45,18.0,6,258.0,110.0,2962.0,13.5,71,1
359,28.1,4,141.0,80.0,3230.0,20.4,81,2
384,32.0,4,91.0,67.0,1965.0,15.7,82,3
196,24.5,4,98.0,60.0,2164.0,22.1,76,1
316,19.1,6,225.0,90.0,3381.0,18.7,80,1
375,36.0,4,105.0,74.0,1980.0,15.3,82,2
180,25.0,4,121.0,115.0,2671.0,13.5,75,2
189,15.5,8,304.0,120.0,3962.0,13.9,76,1
334,23.7,3,70.0,100.0,2420.0,12.5,80,3
352,29.9,4,98.0,65.0,2380.0,20.7,81,1
301,34.2,4,105.0,70.0,2200.0,13.2,79,1
338,27.2,4,135.0,84.0,2490.0,15.7,81,1
345,35.1,4,81.0,60.0,1760.0,16.1,81,3
300,23.9,8,260.0,90.0,3420.0,22.2,79,1
88,14.0,8,302.0,137.0,4042.0,14.5,73,1
93,14.0,8,318.0,150.0,4237.0,14.5,73,1
202,17.5,6,258.0,95.0,3193.0,17.8,76,1
158,16.0,8,318.0,150.0,4498.0,14.5,75,1
203,29.5,4,97.0,71.0,1825.0,12.2,76,2
176,19.0,6,232.0,90.0,3211.0,17.0,75,1
138,14.0,8,318.0,150.0,4457.0,13.5,74,1
337,32.4,4,107.0,72.0,2290.0,17.0,80,3
89,15.0,8,318.0,150.0,3777.0,12.5,73,1
289,16.9,8,350.0,155.0,4360.0,14.9,79,1
242,21.5,4,121.0,110.0,2600.0,12.8,77,2
185,26.0,4,98.0,79.0,2255.0,17.7,76,1
72,15.0,8,304.0,150.0,3892.0,12.5,72,1
107,18.0,6,232.0,100.0,2789.0,15.0,73,1
376,37.0,4,91.0,68.0,2025.0,18.2,82,3
168,23.0,4,140.0,83.0,2639.0,17.0,75,1
239,30.0,4,97.0,67.0,1985.0,16.4,77,3
367,28.0,4,112.0,88.0,2605.0,19.6,82,1
228,18.5,6,250.0,98.0,3525.0,19.0,77,1
91,13.0,8,400.0,150.0,4464.0,12.0,73,1
152,19.0,6,225.0,95.0,3264.0,16.0,75,1
8,14.0,8,455.0,225.0,4425.0,10.0,70,1
258,20.6,6,231.0,105.0,3380.0,15.8,78,1
212,16.5,8,350.0,180.0,4380.0,12.1,76,1
270,21.1,4,134.0,95.0,2515.0,14.8,78,3
137,13.0,8,350.0,150.0,4699.0,14.5,74,1
74,13.0,8,302.0,140.0,4294.0,16.0,72,1
15,22.0,6,198.0,95.0,2833.0,15.5,70,1
363,22.4,6,231.0,110.0,3415.0,15.8,81,1
77,22.0,4,121.0,76.0,2511.0,18.0,72,2
87,13.0,8,350.0,145.0,3988.0,13.0,73,1
198,33.0,4,91.0,53.0,1795.0,17.4,76,3
238,33.5,4,98.0,83.0,2075.0,15.9,77,1
208,13.0,8,318.0,150.0,3940.0,13.2,76,1
368,27.0,4,112.0,88.0,2640.0,18.6,82,1
153,18.0,6,250.0,105.0,3459.0,16.0,75,1
36,19.0,6,250.0,88.0,3302.0,15.5,71,1
1,15.0,8,350.0,165.0,3693.0,11.5,70,1
4,17.0,8,302.0,140.0,3449.0,10.5,70,1
392,27.0,4,151.0,90.0,2950.0,17.3,82,1
177,23.0,4,115.0,95.0,2694.0,15.0,75,2
331,33.8,4,97.0,67.0,2145.0,18.0,80,3
378,38.0,4,105.0,63.0,2125.0,14.7,82,1
207,20.0,4,130.0,102.0,3150.0,15.7,76,2
264,18.1,8,302.0,139.0,3205.0,11.2,78,1
111,18.0,3,70.0,90.0,2124.0,13.5,73,3
296,27.4,4,121.0,80.0,2670.0,15.0,79,1
104,12.0,8,400.0,167.0,4906.0,12.5,73,1
346,32.3,4,97.0,67.0,2065.0,17.8,81,3
343,39.1,4,79.0,58.0,1755.0,16.9,81,3
115,15.0,8,350.0,145.0,4082.0,13.0,73,1
293,31.9,4,89.0,71.0,1925.0,14.0,79,2
387,38.0,6,262.0,85.0,3015.0,17.0,82,1
64,15.0,8,318.0,150.0,4135.0,13.5,72,1
130,26.0,4,122.0,80.0,2451.0,16.5,74,1
96,13.0,8,360.0,175.0,3821.0,11.0,73,1
32,25.0,4,98.0,,2046.0,19.0,71,1
324,40.8,4,85.0,65.0,2110.0,19.2,80,3
248,36.1,4,91.0,60.0,1800.0,16.4,78,3
220,33.5,4,85.0,70.0,1945.0,16.8,77,3
396,28.0,4,120.0,79.0,2625.0,18.6,82,1
356,32.4,4,108.0,75.0,2350.0,16.8,81,3
62,13.0,8,350.0,165.0,4274.0,12.0,72,1
120,19.0,4,121.0,112.0,2868.0,15.5,73,2
397,31.0,4,119.0,82.0,2720.0,19.4,82,1
26,10.0,8,307.0,200.0,4376.0,15.0,70,1
126,21.0,6,200.0,,2875.0,17.0,74,1
325,44.3,4,90.0,48.0,2085.0,21.7,80,2
52,30.0,4,88.0,76.0,2065.0,14.5,71,2
23,26.0,4,121.0,113.0,2234.0,12.5,70,2
372,27.0,4,151.0,90.0,2735.0,18.0,82,1
61,21.0,4,122.0,86.0,2226.0,16.5,72,1
10,15.0,8,383.0,170.0,3563.0,10.0,70,1
59,23.0,4,97.0,54.0,2254.0,23.5,72,2
167,29.0,4,97.0,75.0,2171.0,16.0,75,3
224,15.0,8,302.0,130.0,4295.0,14.9,77,1
199,20.0,6,225.0,100.0,3651.0,17.7,76,1
97,18.0,6,225.0,105.0,3121.0,16.5,73,1
287,16.5,8,351.0,138.0,3955.0,13.2,79,1
147,24.0,4,90.0,75.0,2108.0,15.5,74,2
156,16.0,8,400.0,170.0,4668.0,11.5,75,1
395,32.0,4,135.0,84.0,2295.0,11.6,82,1
14,24.0,4,113.0,95.0,2372.0,15.0,70,3
362,24.2,6,146.0,120.0,2930.0,13.8,81,3
